0.039019458
-0.09811095
0.15611644
-0.044807855
-0.067774676
0.1876598
0.002999267
-0.015200566
0.0206656
0.0113555435
-0.0015045651
-0.05836332
0.050454322
-0.096422985
-0.038302258
0.048910648
0.052489284
-0.096736036
0.0859323
-0.058912914
0.08390651
-0.009305616
0.1809636
0.041268796
0.15388343
-0.1364946
0.08417525
-0.022979766
0.18005677
0.0655054
0.0033505394
0.031082934
0.16419621
0.00014259496
-0.027779453
-0.19186366
-0.10529193
-0.13778813
-0.16862443
0.16139933
-0.11478128
-0.11534935
-0.14897114
-0.08740985
-0.043632355
0.15055698
-0.02108439
-0.1019432
-0.04488041
0.023462756
0.03519268
-0.06757156
-0.06092371
-0.10776343
0.049311697
-0.06208676
0.028162256
-0.14267102
-0.10625261
0.09603201
0.101665184
-0.051918652
-0.031483833
0.011949621
0.047779374
0.065022744
-0.009228316
0.055232584
0.049330067
-0.1312031
-0.11155433
-0.082138576
-0.079910316
-0.02743721
0.04256484
-0.1507867
0.038067915
0.022322318
0.17550428
0.11833802
-0.00025523204
0.041583553
0.10604772
-0.071147256
0.0023747284
-0.07582515
-0.15399867
-0.069832206
0.03918199
0.038734693
0.05743402
-0.084039785
0.049616285
0.053311773
0.048492756
0.07426471
-0.005124242
-0.028841658
-0.03813161
-0.007962231
-0.02886064
-0.064693436
-0.06797248
0.03397015
-0.09196544
-0.05701593
-0.081946194
0.12457586
0.10799986
-0.033350147
-0.15151483
-0.017165547
0.17906383
-0.066049516
-0.013443039
-0.0750769
0.07791871
-0.056732852
0.12500168
0.011209107
0.02588056
0.038117405
0.13127324
0.0035769811
0.1431846
-0.04245821
-0.13082522
0.07234765
-0.1580331
0.0071099745
0.06124119
0.1084223
0.0457662
0.13505219
-0.014729648
0.09291336
-0.034819137
0.12668009
-0.12797664
0.10217502
0.08409678
-0.029321656
0.029351475
-0.028840361
-0.099223614
0.054576505
0.109920226
0.12662373
0.1785849
0.081975535
0.1224821
-0.071404666
-0.17707843
0.091880515
-0.109225824
0.022419097
0.017658267
0.045909017
-0.21198761
0.039741855
-0.0041569103
0.015669342
0.085607365
-0.03521618
0.13276605
-0.017334446
0.19701023
-0.07801948
0.1086097
-0.14378987
-0.1484801
0.19241749
-0.004645294
0.14868283
0.14588082
0.032678623
-0.082964234
0.03953788
0.046272382
0.16478008
0.025070207
-0.05732873
0.028285675
0.038973823
0.12403334
-0.0004585417
0.054599065
0.054718446
-0.0890414
0.054530583
-0.05905648
0.02129537
-0.052793518
0.03946014
-0.12061193
0.01916952
-0.09661255
0.09377863
0.099411674
0.09206189
0.13751276
-0.032248657
0.14455666
0.051672425
-0.029564995
0.09568736
0.037787806
-0.038237236
0.01992472
0.036621615
0.04654342
0.05666155
-0.019017745
0.03467141
-0.027990699
-0.06242676
-0.15322118
0.01408756
-0.019968009
-0.13647963
0.10863384
0.0130829
-0.007338661
0.13669915
0.08485722
0.07964586
-0.18548548
0.07318581
-0.043565374
0.051720433
-0.035431482
0.061428484
-0.11276829
-0.13833196
-0.01924787
-0.15153927
-0.113335535
0.040763564
-0.13488644
0.020580295
0.007644963
0.15037963
-0.057362508
0.12372764
-0.04008184
0.11463975
0.047863007
-0.10076043
-0.01943819
0.08888727
0.138712
0.041762955
-0.03820585
-0.09621425
-0.0083639
0.10128063
-0.014824288
0.004170694
0.103384
-0.14812094
-0.06456641
0.024009055
-0.1359779
-0.08127422
0.022200745
-0.039978668
-0.032751422
-0.02916506
0.077734195
0.18967704
0.058896936
-0.15826364
-0.13953133
-0.01169137
-0.0022468853
0.1738019
0.019505415
0.11704878
0.008818823
0.054196138
0.0534072
-0.049354587
-0.114052154
0.1145785
0.15338464
0.01161516
-0.12642132
-0.08457573
-0.15062644
0.115505405
-0.16918875
-0.06778444
-0.035090256
-0.04758311
0.0413222
-0.084397
-0.06559868
-0.20419681
0.0035776668
-0.18331763
0.062832244
0.0131499525
-0.031338673
0.183302
0.057504468
0.024518294
0.101820916
0.057861585
0.07851533
0.16791204
0.056530267
0.15549971
0.18044506
-0.054264195
-0.033241376
-0.11343337
-0.08038766
-0.056209695
-0.16516925
0.034899767
0.15470937
0.106454216
-0.053181585
0.021097984
-0.20850863
-0.05317144
-0.06733906
-0.023417354
-0.076672725
0.056156423
-0.07522382
0.007844748
0.1299785
-0.13868041
0.012995105
0.19223353
-0.13237931
0.017603438
0.030973108
0.033387996
-0.0443082
0.1570437
-0.076746
-0.1477231
-0.062164873
0.07824569
-0.032924186
-0.03132359
-0.023529917
0.13171977
-0.008834083
-0.0062832343
-0.039103396
0.007113774
-0.014432139
-0.009194519
-0.026743928
0.15103589
-0.1531046
-0.050506722
0.05522958
-0.06975695
0.036341924
0.05220885
0.032477707
0.054999046
0.014328449
-0.114979245
-0.10460453
0.14254774
0.13239796
0.12410589
0.026385318
0.10804632
-0.047299933
0.06244617
-0.043520797
0.010140996
-0.101581514
-0.1363799
-0.06827339
-0.03810618
-0.1152627
-0.07599649
0.13877337
-0.022668928
0.017786562
0.014400875
-0.013006331
0.038025856
-0.09106472
0.07560498
0.06543472
-0.06860521
0.0047255694
-0.10219591
-0.07460977
0.07298101
0.18523315
0.045668136
-0.01769522
0.19234425
-0.0006939736
0.13872321
-0.08925532
-0.049901042
0.0150313
-0.088688806
0.10344664
0.17183982
0.02284311
-0.024687793
-0.051804245
-0.037433572
-0.031136788
-0.009912763
0.05109044
0.040776163
-0.079361245
0.049670693
0.13008876
0.083659105
-0.002822376
-0.0009714773
-0.061436944
-0.089459784
0.0059606885
0.04467249
0.027180044
-0.07077584
0.025015913
-0.10769262
-0.14220864
-0.088174574
-0.09077612
-0.07609431
0.04676809
-0.026959838
-0.08168397
-0.19932696
-0.005925372
-0.09037169
0.056705445
0.05100097
-0.05424044
-0.1546687
0.09734677
-0.014885437
0.074716
0.19537559
-0.051428545
0.08177005
-0.11864927
0.08003609
-0.016233481
0.033745218
0.148033
0.11833069
-0.0155573
-0.05786307
-0.11764996
0.046680722
-0.047314048
-0.00191042
-0.0127243055
-0.14875343
0.16184635
0.017877217
-0.022271084
-0.041260947
0.0292654
0.13703355
-0.04520535
-0.0067983647
0.10430052
-0.05918472
-0.03826302
-0.01924305
-0.02212315
-0.04105157
-0.004000279
-0.13630994
0.095229
0.08177165
0.14410238
-0.08420195
0.060905848
-0.078926355
-0.120988175
0.07477681
-0.013764191
-0.050492406
-0.021045448
0.063155755
-0.037597965
-0.07628728
-0.091869645
0.10319484
0.069427505
-0.07729791
0.077510595
0.0702435
-0.016097134
-0.17274149
-0.11179461
0.10853611
0.050230395
0.019345531
-0.06433924
-0.2129531
-0.0059369016
-0.034930535
-0.10906654
-0.13559234
-0.08319587
-0.04106463
-0.017256018
-0.07808339
-0.13200592
-0.15184619
-0.06131571
-0.088226125
-0.07426661
-0.06599844
0.039563864
-0.014645486
0.06260905
-0.07924655
0.042357072
-0.079441495
0.110548705
0.085363895
-0.18246572
-0.10526261
-0.07300783
-0.18229601
-0.020753745
-0.003825097
0.07439252
-0.0023031854
0.00046410202
0.057113707
-0.085205816
-0.005489667
0.0761234
0.0949624
0.07977447
0.1288961
0.15582281
-0.049605075
0.050156116
-0.101979025
-0.07500426
0.07412087
0.0257048
-0.10665623
-0.06249037
0.16079387
0.05660749
0.0043114824
0.029095728
-0.15281671
0.15035516
0.005440415
-0.12062883
-0.013691718
0.043605145
0.004527186
-0.041770592
0.09975586
-0.015556882
0.035985734
-0.040593214
-0.10904371
-0.076816335
-0.08890585
-0.121171914
-0.096892215
-0.06811881
-0.011941082
-0.1306115
0.04740256
0.12527698
-0.095300354
-0.14040077
0.066284485
-0.047072705
-0.04172402
0.104051836
0.059647653
0.06961846
-0.040715337
0.14884357
-0.13822551
0.12528548
-0.05794762
0.12995544
0.06520948
-0.04448737
0.0056833685
-0.13410361
0.08970909
-0.09810662
0.15026493
-0.026812065
0.12623397
0.1555308
-0.029329209
0.09168723
0.06348141
0.18793233
-0.01781283
0.027474515
-0.0012735686
0.12765509
-0.13407488
-0.082861654
0.012408191
-0.18842793
-0.13239366
-0.12861249
-0.117752634
-0.045984067
-0.07508211
0.033472802
-0.006472819
-0.07606382
0.16750127
-0.026554326
-0.030453201
0.027615283
0.10417165
-0.10324106
-0.056760635
-0.086174056
-0.13981742
0.01795254
-0.049344234
0.062221836
-0.011116435
0.085070066
-0.018741997
-0.04476487
-0.100687005
0.10115417
-0.13992947
0.10274834
-0.024217052
0.14298579
-0.11183045
0.08978483
0.11303042
0.14969914
-0.04813069
-0.13020952
-0.08206985
0.04747383
0.12548757
-0.080388755
-0.17737606
-0.0056555676
0.091065094
-0.120835386
0.0067121
0.044908885
0.037615027
0.0803655
0.09412853
0.11268852
-0.09470245
0.061281595
0.09529011
0.053082272
0.032349344
-0.042983297
0.035880312
0.034526296
-0.14667815
-0.08956289
-0.10008569
0.042617135
-0.11950077
0.061162524
-0.027190095
0.17011416
-0.11758008
-0.06788477
0.010908624
0.121123955
-0.07098669
-0.10250752
0.015134264
0.13572167
0.05359394
-0.12574358
-0.014100777
-0.04260963
0.017452402
0.16916963
-0.03091248
-0.098812245
-0.17324442
-0.057636026
-0.05677412
-0.012305014
-0.02984377
-0.056673538
-0.046687428
-0.056833945
0.0717608
-0.01223009
-0.08363408
-0.13957143
0.023349442
-0.07138203
0.11105595
0.03783922
-0.0830158
0.05459438
0.11305278
0.0054367646
-0.08704284
0.063706815
-0.009120629
0.0018849232
0.17615707
0.0801449
-0.05405677
0.057690505
0.030375963
-0.11936535
0.013861701
-0.16197549
-0.14869837
0.0019442786
-0.02908487
0.053307887
0.14783508
0.039163295
0.012464982
-0.040372264
-0.05176366
0.039405473
-0.06592787
-0.011072832
0.07369945
0.07809119
-0.001825773
0.15923147
0.19419836
0.19657221
0.0636932
0.06671987
0.038345188
-0.01720738
-0.0049484307
0.05985666
0.010542473
-0.14539523
0.034486435
-0.022418302
-0.05117418
-0.02580034
0.0023676406
-0.096227825
0.039694294
-0.098301284
-0.17916913
-0.07835583
-0.034432948
-0.073507346
-0.18699886
0.05968697
0.09785245
-0.12050196
-0.00183186
-0.20123695
0.04068794
0.16001153
0.057888538
-0.030479832
-0.010765136
-0.121859655
0.09636762
0.13239136
0.15900354
0.06460117
-0.06599636
-0.054459065
-0.046426475
-0.015468005
0.078749195
-0.14067656
-0.1512871
0.0640729
0.10123484
0.017198324
0.07212993
0.05236203
-0.10130732
