0.10709183
0.088103846
0.09253934
0.09396703
0.09277111
0.09915366
0.09180275
0.09687381
0.091921166
0.098259434
0.09336962
0.095925294
0.09605096
0.09683346
0.097766556
0.10049633
0.096833915
0.09756079
0.0976855
0.09436701
0.09826633
0.0956753
0.09126186
0.0975066
0.09762325
0.09415835
0.090725906
0.094898336
0.10391867
0.09746763
0.09328982
0.09755851
0.0890412
0.10008417
0.1038665
0.09749851
0.0947245
0.09933776
0.09755113
0.09557545
0.09311333
0.10109499
0.09219648
0.09411065
0.09280158
0.09673308
0.0977796
0.0955201
0.100566946
0.09949994
0.10463546
0.09706202
0.101072975
0.0992548
0.095697604
0.092173815
0.09402129
0.090836935
0.09430925
0.10447039
0.094183385
0.102384485
0.09616617
0.09697287
