0.09864454
0.101852864
0.09895671
0.10146339
0.0977018
0.09738901
0.09770416
0.09817675
0.09808659
0.10470248
0.100709155
0.09675493
0.09754472
0.098739386
0.09729358
0.09838332
0.097532384
0.101150975
0.097175375
0.09741769
0.09610948
0.10213877
0.098158546
0.09694435
0.1030834
0.09329119
0.0987865
0.09830405
0.10122705
0.09843639
0.096659295
0.102318525
0.1023815
0.09553329
0.100936525
0.10117611
0.101946965
0.09170058
0.100754716
0.09623304
0.09840144
0.09480356
0.093871325
0.098591365
0.09868481
0.103547186
0.09614092
0.097126015
0.095151596
0.09463168
0.09801216
0.09877084
0.09634228
0.098576024
0.100592814
0.100581355
0.100177646
0.09854916
0.101257116
0.100768395
0.099879615
0.09986429
0.09772724
0.096928835
0.09964271
0.097664714
0.09713916
0.10173339
0.093966
0.100182004
0.09481147
0.10045331
0.09946857
0.09636432
0.10105557
0.1002552
0.097223766
0.098288044
0.095696256
0.09760331
0.10122125
0.092719436
0.09691555
0.0975092
0.09864939
0.097110294
0.09542501
0.095494896
0.100325316
0.09807993
0.0978017
0.09500352
0.09834818
0.10577435
0.10268103
0.104438886
0.100410126
0.09789173
0.097194955
0.100589365
0.0965461
0.0960067
0.096643716
0.100929335
0.10067686
0.10154613
0.09479258
0.096496925
0.09796895
0.09607997
0.09956867
0.09547453
0.100884
0.097828455
0.09378108
0.09630709
0.0980635
0.09958165
0.097726874
0.09829468
0.105596475
0.09617928
0.10489271
0.09773484
0.09843895
0.09580506
0.09593785
0.099664345
0.09457762
0.09451659
0.09849108
0.099208735
0.10066223
0.09957056
0.101778
0.09844556
0.09710666
0.103551425
0.10075408
0.10138079
0.10089651
0.096157484
0.101125374
0.095157385
0.09492982
0.097196646
0.09668645
0.09543224
0.09624666
0.09545032
0.10873601
0.098858275
0.09646974
0.09473484
0.097758256
0.096643865
0.09507166
0.097554214
0.09466765
0.097752474
0.101082824
0.1028319
0.09408303
0.09750156
0.098906785
0.09491409
0.09414422
0.09897613
0.09528492
0.09847054
0.099107504
0.101261966
0.09830461
0.10018407
0.10018961
0.09832057
0.09856015
0.09663233
0.09992441
0.09989268
0.09078294
0.09397577
0.09822228
0.10145451
0.09653274
0.10237222
0.096257895
0.09999143
0.09616681
0.0972528
0.094592124
0.0994901
0.09635737
0.10013181
0.0974989
0.1025245
0.101552755
0.09732652
0.10014979
0.0946069
0.09451041
0.101879254
0.09918373
0.10132572
0.10421907
0.10077076
0.09414821
0.0950609
0.09652238
0.10051419
0.093988754
0.09522328
0.102526866
0.09746295
0.097284384
0.09564607
0.09660456
0.096315846
0.09573201
0.10080369
0.100845106
0.09745852
0.10112958
0.10384782
0.09535026
0.0943504
0.09325596
0.1028342
0.10122216
0.1
0.10160788
0.098655626
0.09874041
0.10092429
0.09780253
0.097141355
0.09528361
0.10076838
0.09849792
0.09658937
0.09775966
0.100209996
0.09599375
0.09751359
0.09586767
0.09956864
0.09851798
0.098980024
0.10015503
0.09882393
0.09891856
0.09681467
0.09950113
0.09547
0.09733153
0.100989506
0.1024271
0.099298686
0.09578083
0.099033974
0.10266768
0.094387196
0.09800335
0.09973649
0.09751396
0.09615065
0.09996949
0.09894882
0.09334452
0.09653614
0.09977927
0.102258585
0.09382689
0.09700707
0.10281785
0.098797545
0.09854903
0.09815148
0.09982733
0.10233202
0.0972873
0.098544896
0.09757875
0.10355051
0.09615362
0.098935716
0.10259053
0.09446122
0.098000586
0.10063043
0.095158026
0.09826712
0.0964837
0.10330155
0.099313274
0.10471444
0.100239776
0.09669477
0.098435745
0.093348905
0.10034561
0.099622354
0.095229805
0.10063258
0.098500095
0.09926087
0.10194806
0.101661354
0.10239172
0.096526235
0.09683292
0.095222265
0.09688688
0.09917549
0.10477303
0.10107204
0.09396945
0.094369374
0.09419187
0.09763103
0.09471348
0.096075974
0.09557063
0.097786635
0.09768928
0.09908014
0.09702364
0.09463094
0.093051344
0.09616009
0.094275825
0.095375896
0.09438744
0.09529388
0.10046199
0.09301652
0.098005146
0.09464761
0.102553695
0.099438585
0.09675788
0.0964223
0.09650941
0.0956533
0.09674716
0.09746718
0.0960722
0.098731644
0.09668924
0.09605851
0.10074185
0.10358329
0.09668143
0.096666455
0.10141225
0.099309064
0.09803407
0.09758058
0.096321896
0.09806338
0.096763425
0.096476205
0.099859156
0.09785366
0.09750075
0.100676246
0.102725446
0.09416784
0.095344834
0.09685641
0.09685903
0.096291065
0.101436265
0.09568648
0.10005392
0.09554165
0.09895505
0.10256833
0.09611021
0.100037195
0.10330912
0.102852814
0.094393216
0.101524435
0.099302754
0.10228322
0.09581311
0.10236078
0.09705089
0.09738387
0.09852309
0.09956891
0.1029701
0.094707906
0.09896879
0.10014597
0.09905756
0.09682803
0.1001238
0.09660132
0.095634416
0.098524265
0.10008348
0.10084735
0.09500107
0.095638014
0.09828162
0.09951733
0.10491088
0.103573725
0.09885449
0.0980109
0.09786819
0.098379865
0.09630404
0.095066555
0.099268846
0.10347734
0.09745966
0.09847128
0.096470594
0.09757099
0.101818755
0.09572816
0.09714219
0.09931266
0.09686562
0.101990946
0.09510964
0.0997963
0.0961602
0.10118685
0.09242104
0.098764785
0.09875356
0.10603913
0.10147065
0.09890663
0.0996222
0.09942581
0.09612124
0.1000647
0.098503046
0.100022115
0.095578656
0.09804594
0.09893378
0.10136923
0.09773668
0.101280905
0.10379074
0.097970024
0.09180749
0.09681624
0.09675989
0.09276329
0.09784589
0.10112277
0.10234785
0.09884051
0.10395592
0.100974366
0.09953019
0.09476761
0.102277815
0.1007852
0.10186391
0.09703025
0.09615472
0.097244345
0.09958407
0.1000438
0.094896145
0.10552172
0.10240524
0.10385983
0.10323288
0.09891838
0.0969176
0.09579994
0.09819373
0.09672397
0.10084931
0.096872404
0.09643746
0.09534185
0.09654002
0.09694113
0.10330038
0.096936636
0.102307975
0.09768344
0.093032554
0.10148376
0.10195245
0.09847206
0.09589116
0.09951447
0.101777114
0.09255745
0.097428374
0.09829523
0.10364338
0.09498761
0.09658695
0.09577558
0.0972677
0.09954009
0.09637928
0.095772125
0.10000173
0.09772789
0.10010786
0.09875158
0.09662433
0.10419766
0.096232235
0.09753231
0.099510245
0.09948244
0.09910243
0.09792277
0.10298626
0.098507725
0.098816305
0.09670746
0.101033226
0.102005094
0.09209003
0.09737256
0.10183287
0.09350604
0.098022364
0.09867719
0.09488767
0.10151158
0.09381796
0.09899952
0.10182886
0.09444911
0.097391486
0.09991051
0.096764386
0.103039384
0.10345449
0.0970876
0.09486588
0.09549207
0.10080033
0.10048044
0.096149676
0.09837122
0.100761
0.09874945
0.09859566
0.09609211
0.1030264
0.096438274
0.09983946
0.10268148
0.0936842
0.097183675
0.097409055
0.09392206
0.09920745
0.10138828
0.09461915
0.09924002
0.0992536
0.09990536
0.095670424
0.09586132
0.100186735
0.09397955
0.09664705
0.09754778
0.09735896
0.09987974
0.103824034
0.093314715
0.10298402
0.09639881
0.0963933
0.09942457
0.09989353
0.09189618
0.10500632
0.10467911
0.102827944
0.09853041
0.09968959
0.10703867
0.100431696
0.097777165
0.10112368
0.09913645
0.09371055
0.09865445
0.098337166
0.099946484
0.09821421
0.10273837
0.09908499
0.09600336
0.097417094
0.096519075
0.10437386
0.107657395
0.09885673
0.094988406
0.10055487
0.09479272
0.09977064
0.096878074
0.09663373
0.101202495
0.093594365
0.10052627
0.097093284
0.09608497
0.09430834
0.09773111
0.102241606
0.09954032
0.09503931
0.09668604
0.09826104
0.09870157
0.09566856
0.097627945
0.09671191
0.09557575
0.09318389
0.09798072
0.09856122
0.09437868
0.09887708
0.09485759
0.09664804
0.100909285
0.0968188
0.098603
0.10054899
0.099971734
0.099329226
0.09797332
0.09821829
0.10371098
0.096180566
0.103452146
0.10164426
0.10065374
0.09669135
0.09417326
0.096282996
0.09926956
0.10321036
0.096112646
0.09977645
0.10159461
0.09996493
0.09420883
0.10199574
0.09463069
0.09519376
0.097168595
0.096561134
0.099268205
0.10540783
0.09699595
0.09718711
0.09699769
0.095837206
0.09598707
0.09967608
0.09750464
0.095305294
0.09612454
0.10190944
0.094631515
0.1014352
0.10168068
0.097117975
0.10025765
0.09754094
0.09781995
0.09856789
0.10223056
0.098273724
0.09246555
0.10108174
0.097150475
0.09694256
0.09402706
0.100719996
0.09569665
0.097658336
0.09672345
0.09630506
0.0979269
0.09528078
0.09847854
0.096677914
0.09795097
0.09792111
0.101308
0.097094275
0.09805055
0.094887346
0.10130085
0.09925128
0.09972839
0.09618822
0.107327655
0.095447786
0.10007752
0.10255257
0.097671546
0.10118362
0.09461195
0.102131
0.09868975
0.094762
0.09378499
0.09847267
0.094012335
0.10088052
0.10362454
0.09936626
0.09715883
0.102175616
0.099441476
0.09947567
0.095667765
0.104783036
0.105040446
0.09681107
0.09633149
0.096450664
0.09669225
0.094770424
0.09740069
0.09783724
0.09814157
0.09550976
0.09907597
0.096503876
0.1039859
0.09205295
0.09589713
0.09250316
0.09752317
0.09662977
0.097825296
0.100028366
0.097007744
0.1005042
0.09896823
0.09882077
0.09485263
0.095727466
0.09619453
0.100099444
0.09971987
0.10083021
0.09863686
0.09849047
0.09810023
0.10269014
0.098480634
0.10213282
0.10104998
0.099276334
0.10117819
0.09642664
0.096613705
0.10131896
0.10402564
0.09594762
0.0966056
0.0969673
0.099681355
0.09627383
0.098860376
0.098892584
0.09781809
0.09807818
0.09795972
0.09740323
0.0960457
0.09091474
0.10001709
0.095033266
0.09578748
0.09431668
0.09689221
0.098524034
0.10136732
0.09907176
0.10104144
0.09768394
0.098097585
0.0962706
0.097804494
0.099089496
0.09602317
0.10328761
0.09685061
0.093725935
0.094557375
0.09898611
0.09488067
0.1041599
0.10115864
0.103185765
0.1009784
0.103119805
0.09473438
0.09621793
0.09251791
0.09527414
0.097117364
0.10176204
0.1024152
0.096567616
0.09999087
0.096690275
0.09842234
0.09834534
0.10378221
0.10083605
0.09460512
0.09445666
0.09389267
0.09970437
0.098321766
0.09848767
0.096086845
0.09888123
0.09702715
0.09667344
0.09761329
0.10096082
0.093189664
0.09672219
0.101450056
0.092810325
0.100677855
0.09526679
0.102203354
0.0907404
0.09312851
0.09891542
0.098054305
0.09820583
0.09795251
0.09867709
0.09256794
0.10207951
0.099281
0.10070058
0.10368047
0.10244718
0.10112891
0.09567855
0.09671468
0.09794027
0.09491275
0.09990485
0.09942029
0.09487046
0.09612871
0.0934399
0.09787672
0.09915831
0.096979365
0.099917434
0.093648344
0.09835794
0.098990895
0.09794662
0.0968222
0.10166869
0.097605005
0.09762128
0.09724376
0.09825824
0.10376165
0.10235338
0.09736021
0.09492451
0.10056765
0.09943416
0.100955784
0.09855607
0.0967749
0.093634956
0.097794995
0.099139415
0.097272664
0.09629297
0.1014137
0.09794497
0.09606898
0.09853865
0.09895994
0.09677303
0.09788247
0.096119165
0.09944194
0.10150051
0.09565697
0.098568246
0.095129885
0.096343994
0.104541905
0.09420654
0.100963965
0.10139696
0.09847958
0.09978857
0.09660873
0.10002392
0.09923957
0.09792964
0.09835743
0.10090262
0.10185835
0.10426552
0.09699393
0.10028107
0.099144086
0.09971037
0.10019777
0.09160624
0.094370976
0.10300687
0.09754593
0.10062511
0.09986782
0.09636201
0.10444499
0.10054901
0.098065965
0.09323352
0.10017338
0.09871897
0.095903754
0.093696386
0.10141687
0.096391305
0.09669299
0.10071934
0.09680686
0.09661795
0.098339915
0.09364854
0.10020012
0.10339217
0.098342426
0.09892142
0.09543226
0.09371555
0.09739839
0.100209445
0.09885287
0.10294318
0.10441993
0.10061925
0.10295596
0.098432735
0.099731006
0.099706426
0.09876827
0.09984463
0.09938727
0.09967406
0.0977752
0.09768997
0.099552974
0.09420266
0.09615424
0.09723421
0.102826096
0.098605506
0.10064098
0.098687656
0.10039291
0.097390145
0.099169604
0.0977778
0.09589695
0.101123035
0.097592
0.093351625
0.10225252
0.09884597
0.09954034
0.10079825
0.09778071
0.099238686
0.099640764
0.09611961
0.09619597
0.09583122
0.100000136
0.096362956
0.101952195
0.10022932
0.09891884
0.098152824
0.1040464
0.09483484
0.10143692
0.09638308
0.09478956
0.098767
0.10067469
0.10102385
0.10100434
0.09604686
0.09871784
0.103790745
0.09901845
